2.94318 3.54971 3.27782 1.47903
3.30731 3.98675 2.73438 1.30743
3.79397 4.22994 3.14198 1.51528
5.5133 7.01245 7.25953 3.28534
3.30856 3.90472 3.39699 1.53845
2.45077 2.74675 1.72474 0.81504
3.22718 4.04273 3.05198 1.39786
3.03207 3.44023 2.91923 1.45191
3.30643 3.95323 3.20423 1.48899
3.40193 4.02515 3.32217 1.54734
3.7202 4.69731 4.20065 1.98854
3.53347 4.1783 3.12565 1.47457
3.72451 4.38017 4.07809 1.97788
2.75332 3.09929 2.17121 1.05504
3.21273 4.13287 3.84258 1.82088
3.13722 3.98638 3.30169 1.53858
2.11103 2.74077 1.71578 0.75265
3.93754 4.79418 4.63064 1.92608
3.30166 3.73763 2.7878 1.27904
2.71332 3.31531 2.56486 1.15815
3.08117 3.93067 3.32214 1.45501
3.43933 4.15265 3.6621 1.69436
3.06119 3.5322 3.2352 1.42374
2.58165 3.44415 2.41281 0.99558
3.49467 4.1738 4.03339 1.90734
5.29826 6.86692 6.33986 2.99568
2.73833 3.15845 2.37404 1.09333
3.56835 3.94232 3.62866 1.646
2.79739 3.21702 2.03634 0.94947
2.9882 3.54888 2.90426 1.38418
4.0842 4.84275 4.55988 2.18318
6.06411 6.90532 6.94742 3.46977
3.40565 4.03778 3.36597 1.53068
2.37459 3.03997 1.9898 0.91392
3.03017 3.73538 3.35676 1.50528
4.82833 5.22074 5.06773 2.49739
3.0107 3.57277 2.10828 1.04932
2.68659 3.11204 2.00974 1.00841
4.44742 5.62978 5.95072 2.6591
3.89631 4.3315 3.81396 1.71109
3.84201 4.50843 3.92304 1.84106
3.47387 4.57233 3.78685 1.68617
2.83058 3.48332 3.30379 1.4066
3.4872 4.4926 3.23018 1.49118
2.20376 2.70544 1.78264 0.78034
3.60901 4.42527 3.82981 1.85716
3.19535 3.43155 2.43566 1.16838
2.85204 3.52939 2.88286 1.40789
3.59386 4.36071 4.18328 1.88142
2.34302 3.10863 2.19604 1.04952
3.68162 4.56029 4.6602 2.01439
2.99714 3.60229 2.71463 1.28387
3.26998 3.97916 3.00199 1.47907
2.68712 3.25254 2.35714 1.12503
2.29775 2.80504 1.67138 0.82367
3.09032 3.56674 2.84595 1.39496
4.15559 5.37207 4.90988 2.3548
3.26559 3.95098 3.50527 1.58899
2.73108 3.3168 2.15094 0.95933
2.03731 2.39754 1.35518 0.62528
3.22016 3.85044 2.93204 1.23117
2.87415 3.77184 2.62543 1.17917
2.58692 3.13284 2.1022 0.91724
3.52323 4.25483 3.71824 1.80418
