2.94301 3.54925 3.27724 1.47898
3.3072 3.98647 2.73404 1.30739
3.7939 4.22972 3.14179 1.51525
5.51302 7.0111 7.25844 3.28535
3.3113 3.90002 3.39684 1.53844
2.45077 2.74668 1.72467 0.81503
3.22711 4.04251 3.05179 1.39784
3.03199 3.44006 2.90377 1.45188
3.30632 3.95289 3.2039 1.48898
3.40183 4.02407 3.32173 1.5473
3.72001 4.69663 4.19992 1.98848
3.53343 4.17819 3.12553 1.47526
3.72402 4.38086 4.07684 1.97786
2.75325 3.09916 2.17095 1.05502
3.21257 4.13233 3.84195 1.82082
3.13695 3.97547 3.30764 1.53849
1.96025 2.74074 1.71573 0.75264
3.93726 4.7934 4.62977 1.92603
3.30156 3.73748 2.78759 1.27902
2.71433 3.30652 2.5649 1.15816
3.08062 3.93034 3.32148 1.4551
3.4391 4.15201 3.66131 1.69428
3.0611 3.53196 3.23496 1.42372
2.58129 3.44332 2.41239 0.99555
3.49455 4.1735 4.03298 1.91214
5.29793 6.62643 6.33798 2.99548
2.73828 3.15822 2.37377 1.0933
3.56797 3.94197 3.62802 1.64599
2.79732 3.21681 2.03609 0.94944
2.98805 3.54855 2.90385 1.38414
4.0841 4.84248 4.55954 2.18315
6.06394 6.90481 6.94676 3.46972
3.40554 4.03744 3.36557 1.53065
2.37457 3.03992 1.98974 0.91391
3.02997 3.73461 3.35614 1.50523
4.82807 5.22029 5.06694 2.49732
3.00927 3.57256 2.10852 1.04931
2.6864 3.11185 2.00966 1.0084
4.44723 5.62919 5.95017 2.65906
3.89495 4.33111 3.81223 1.71105
3.84177 4.5078 3.92226 1.84099
3.47326 4.57116 3.78564 1.6861
2.83022 3.48293 3.30392 1.40657
3.487 4.49213 3.22978 1.49113
2.2037 2.70525 1.78243 0.78031
3.60884 4.42177 3.82905 1.8571
3.19537 3.43141 2.43552 1.16837
2.85179 3.52862 2.88208 1.40783
3.59378 4.36046 4.18298 1.8814
2.34294 3.10836 2.19572 1.04949
3.68142 4.55843 4.65944 2.01434
2.99702 3.60691 2.71448 1.28382
3.2699 3.98563 3.00164 1.47903
2.68704 3.25212 2.3574 1.125
2.29778 2.805 1.67134 0.82367
3.09022 3.56651 2.846 1.39494
4.15495 5.38936 4.90096 2.35465
3.26501 3.95022 3.50428 1.58889
2.73105 3.31671 2.15085 0.95932
2.03744 2.39748 1.35507 0.62526
3.21997 3.8504 2.93188 1.23115
2.8741 3.76567 2.62572 1.17916
2.58687 3.13263 2.10201 0.91721
3.52312 4.25445 3.71777 1.80413
