2.94301 3.54925 3.27724 1.47898
3.3072 3.98647 2.73404 1.30739
3.7939 4.22972 3.14179 1.51525
5.51302 7.0111 7.25844 3.28535
3.3113 3.90002 3.39684 1.53844
2.45077 2.74668 1.72467 0.81503
3.22711 4.04251 3.05179 1.39784
3.03199 3.44006 2.90377 1.45188
3.30632 3.95289 3.2039 1.48898
3.40183 4.02407 3.32173 1.5473
3.72001 4.69663 4.19992 1.98848
3.53343 4.17819 3.12553 1.47526
3.72402 4.38086 4.07684 1.97786
2.75325 3.09916 2.17095 1.05502
3.21257 4.13233 3.84195 1.82082
3.13695 3.97547 3.30764 1.53849
1.96025 2.74074 1.71573 0.75264
3.93726 4.7934 4.62977 1.92603
3.30156 3.73748 2.78759 1.27902
2.71433 3.30652 2.5649 1.15816
3.08062 3.93034 3.32148 1.4551
3.4391 4.15201 3.66131 1.69428
3.0611 3.53196 3.23496 1.42372
2.58129 3.44332 2.41239 0.99555
3.49455 4.1735 4.03298 1.91214
5.29793 6.62643 6.33798 2.99548
2.73828 3.15822 2.37377 1.0933
3.56797 3.94197 3.62802 1.64599
2.79732 3.21681 2.03609 0.94944
2.98805 3.54855 2.90385 1.38414
4.0841 4.84248 4.55954 2.18315
6.06394 6.90481 6.94676 3.46972
3.40554 4.03744 3.36557 1.53065
2.37457 3.03992 1.98974 0.91391
3.02997 3.73461 3.35614 1.50523
4.82807 5.22029 5.06694 2.49732
3.00927 3.57256 2.10852 1.04931
2.6864 3.11185 2.00966 1.0084
4.44723 5.62919 5.95017 2.65906
3.89495 4.33111 3.81223 1.71105
3.84177 4.5078 3.92226 1.84099
3.47326 4.57116 3.78564 1.6861
2.83022 3.48293 3.30392 1.40657
3.487 4.49213 3.22978 1.49113
2.2037 2.70525 1.78243 0.78031
3.60884 4.42177 3.82905 1.8571
3.19537 3.43141 2.43552 1.16837
2.85179 3.52862 2.88208 1.40783
3.59378 4.36046 4.18298 1.8814
2.34294 3.10836 2.19572 1.04949
3.68142 4.55843 4.65944 2.01434
2.99702 3.60691 2.71448 1.28382
3.2699 3.98563 3.00164 1.47903
2.68704 3.25212 2.3574 1.125
2.29778 2.805 1.67134 0.82367
3.09022 3.56651 2.846 1.39494
4.15495 5.38936 4.90096 2.35465
3.26501 3.95022 3.50428 1.58889
2.73105 3.31671 2.15085 0.95932
2.03744 2.39748 1.35507 0.62526
3.21997 3.8504 2.93188 1.23115
2.8741 3.76567 2.62572 1.17916
2.58687 3.13263 2.10201 0.91721
3.52312 4.25445 3.71777 1.80413
2.23945 2.81368 1.72924 0.82751
2.01306 2.33544 1.33176 0.61928
2.45568 2.91272 1.95244 0.90699
2.28087 2.78941 2.57288 1.09912
2.77587 3.32902 2.4858 1.15967
2.65292 2.92866 2.13307 1.03499
2.14033 2.49707 1.53777 0.64221
3.76262 4.11972 3.89806 2.04456
3.81326 4.59772 3.19863 1.53912
2.54159 3.34773 2.74503 1.17517
3.79714 4.45744 3.8393 1.8415
2.84969 3.55246 2.77001 1.30013
3.32286 3.94977 3.56107 1.70832
2.27993 2.8139 1.7482 0.819
2.91589 3.53605 2.84416 1.34285
2.80713 3.3735 2.30037 1.08595
2.53828 3.07788 1.94606 0.9541
2.28636 2.6968 1.86485 0.84494
2.94479 3.51304 2.87548 1.31859
2.34271 2.8975 1.76718 0.78491
3.29723 3.96023 3.23602 1.56768
3.66513 4.27213 4.43839 1.92965
3.14342 4.90231 2.96782 1.42509
3.29345 4.06437 3.27712 1.54065
6.20464 7.37425 11.31435 5.00365
4.41193 6.07067 6.1173 2.83883
2.64031 3.21188 2.247 1.02138
2.84685 3.25419 2.68525 1.22463
2.34917 2.69428 1.94406 0.85131
3.60889 4.26872 4.0558 1.89072
3.48086 4.21223 3.98212 1.80154
3.05307 3.78584 3.48821 1.47892
2.26768 2.65162 1.66587 0.76907
2.27331 2.76099 1.89795 0.85684
2.85654 3.39846 2.97098 1.32176
5.03515 5.72282 5.09553 2.60876
3.28844 3.96812 3.47945 1.66337
3.79221 4.20871 4.1138 2.13519
2.80076 3.31257 2.71312 1.20695
3.09146 3.62829 3.23856 1.52536
2.53127 2.92352 2.02305 0.92172
2.12738 2.61493 1.6054 0.75424
4.07257 4.84331 4.33914 1.64274
2.69038 3.64286 2.73758 1.20098
2.77747 3.1702 2.60083 1.23337
2.32037 3.18377 2.20456 0.99133
2.75778 3.14268 2.35431 1.14991
2.89178 3.45831 2.39691 1.26281
4.72905 5.23759 5.24272 2.53202
2.62191 3.21846 2.21201 1.08789
4.37655 5.34499 5.06052 2.40157
3.15236 3.90024 3.44965 1.62593
3.03528 3.66547 3.23261 1.27414
2.49856 3.05154 2.20876 1.03409
5.38235 4.04175 4.70769 2.04699
3.40707 4.07788 3.64932 1.73871
3.17352 3.49385 3.16247 1.47943
2.30359 2.67985 1.85847 0.88439
3.78439 4.90975 4.29222 2.14963
3.38842 4.17603 3.51749 1.77928
2.87387 3.57272 3.37036 1.35896
2.93577 4.56 2.76184 1.24052
3.21351 4.12671 3.63082 1.73687
3.60154 3.74095 2.86533 1.42018
4.34095 4.75096 4.40759 2.15482
3.94196 4.71702 4.01533 1.93893
4.03284 4.2997 4.20448 1.81059
3.44991 3.98307 3.19858 1.62415
2.96658 3.318 2.33476 1.16343
2.52037 3.93957 2.12292 0.93051
3.37803 4.11903 3.48328 1.69739
3.46543 4.43439 3.67166 1.618
3.28023 3.99749 3.0141 1.41736
2.91699 2.68529 2.9974 1.31524
3.03434 3.43991 2.26986 1.06123
3.62405 4.68906 4.39709 1.69609
3.85961 4.62339 3.79305 1.74908
2.15936 2.63653 1.81336 0.78478
2.5396 3.46528 1.9463 0.99511
4.44061 4.99185 5.0762 2.30159
2.81336 3.10255 2.17238 1.06822
2.72589 3.15586 2.32543 1.07299
3.71148 4.25709 3.1765 1.59751
2.56909 2.90074 1.8384 0.89945
3.23342 4.25434 3.87392 1.63976
3.18156 4.07711 3.09048 1.45788
2.56098 3.14087 1.86343 0.89302
2.5914 3.09439 2.34729 1.06552
2.87245 3.48769 2.50959 1.11881
3.03562 3.39822 2.76863 1.26878
2.11813 2.56657 1.55313 0.76664
3.31151 4.23481 3.34858 1.47587
3.98717 4.45944 4.01715 2.09374
4.07685 5.79892 4.68451 2.14454
5.48105 6.93475 6.30539 2.95481
3.54481 3.70012 2.46283 1.21114
3.95494 4.7569 3.87512 1.97121
2.76361 3.45006 2.75155 1.38551
4.35327 5.96381 5.53917 2.76775
2.07515 2.56948 1.73474 0.7764
4.75702 5.591 5.21364 2.43216
4.14111 4.63215 3.93493 2.1432
2.31001 2.99528 1.76406 0.87431
2.82623 2.93524 2.48578 1.19617
2.39397 2.8501 1.85486 0.85357
5.11289 6.32777 5.54875 2.80281
3.78918 4.78167 4.00575 1.99788
2.63335 3.36614 2.23976 1.03556
3.10356 3.57821 2.85433 1.4478
4.48218 4.95668 5.02043 2.49938
4.41445 5.30084 4.92358 2.32438
4.54265 5.13573 5.07705 2.47697
3.29138 4.03514 3.64917 1.61113
3.33204 3.90519 3.32633 1.58998
2.59554 2.92474 1.73835 0.86
2.57337 3.1779 2.33475 1.05866
2.57637 3.02695 2.10602 0.96272
2.45887 2.8209 1.79104 0.89357
3.06898 3.63963 2.8124 1.33958
3.45707 4.08849 3.09747 1.5014
2.43169 2.69462 1.97889 0.92487
3.58528 4.10331 3.54318 1.70555
2.59954 3.32223 1.84684 0.94174
3.14985 3.70405 3.33696 1.60515
2.7468 3.51323 2.86631 1.34047
3.29049 3.72082 3.25877 1.44993
1.93105 2.34282 1.37749 0.63024
4.01578 4.51432 3.40035 1.64734
4.32807 5.46056 5.1247 2.25432
3.2359 3.61901 2.42888 1.18967
3.2946 3.61176 3.28424 1.5718
2.45967 2.74161 1.87368 0.89225
2.52955 3.15919 2.34552 1.0343
2.52432 4.58983 1.84624 0.80721
2.52765 3.139 2.19455 1.10206
2.91496 3.53399 2.27686 1.07747
2.781 3.77341 3.11387 1.4202
4.13934 5.18485 4.88854 2.42205
2.8635 3.56782 2.14984 1.03993
2.7251 3.4695 2.57722 1.18108
2.70373 3.24741 2.25863 1.02541
2.74673 3.14339 2.1075 1.01394
3.57529 4.40254 4.48455 2.0226
3.42731 3.98584 3.62594 1.71389
3.43588 4.00977 3.61574 1.72363
2.46351 2.83623 1.66182 0.77018
3.2164 3.72319 2.68452 1.34656
2.90393 3.52126 2.61777 1.21728
2.8137 3.3871 2.61314 1.17051
3.13447 3.68394 3.35383 1.57003
4.06075 4.41536 4.17377 1.87817
4.12199 5.48658 5.32887 2.55929
2.75581 3.34064 2.13551 0.96545
3.54554 4.07532 3.50369 1.67819
2.32401 2.85379 2.0369 0.90158
2.66138 3.86454 2.67789 1.05754
3.3031 4.16248 3.18428 1.45389
2.81173 3.49051 2.62866 1.26531
2.08959 2.55959 1.64939 0.78742
4.45828 5.61916 4.35604 2.20559
2.42913 3.01962 1.87023 0.86218
3.58799 4.21055 3.55799 1.81915
2.47708 2.97188 2.15201 0.96218
3.53551 3.97658 3.27845 1.62823
2.30867 2.67561 1.97261 0.9201
3.77969 4.36379 4.35399 1.93459
2.97917 3.69449 2.90642 1.37828
2.52123 3.31637 1.83887 0.90075
2.82708 4.66887 3.27378 1.59403
2.14933 2.63395 1.59445 0.74817
4.03406 4.87236 4.81734 2.1963
2.74132 3.85664 2.49608 1.12709
3.95048 3.4849 2.84059 1.40131
2.55371 2.89191 1.95097 0.83799
3.60885 4.01005 2.96102 1.49872
3.50087 4.56606 4.01465 1.81646
5.49413 6.35185 5.92387 3.06647
4.38036 4.97196 4.53786 2.26121
4.86471 6.62329 5.92395 2.65023
2.92396 3.48087 2.38819 1.09669
3.40273 4.5082 3.91027 1.73231
2.77506 3.27218 2.02418 0.95068
2.53873 3.21473 2.65746 1.17996
2.42467 2.77072 1.70662 0.75431
2.19054 2.63348 1.84303 0.83227
3.87805 4.79439 4.06274 1.90797
3.77517 3.98652 3.22104 1.671
2.47915 2.94346 1.93233 0.86127
4.03433 5.44149 4.76207 2.21431
3.003 3.92082 3.28319 1.40957
3.52672 3.9186 3.28234 1.68127
2.67641 3.26688 2.54818 1.20677
