log10_sigma_sub log_mc LOS_normalization shmf_log_slope log_m_host source_size_pc bic summary_statistic logL_image_data source_plane_sol seed
-1.0298826 9.4455763 1.0110417 -1.935301 13.6088769 7.2815337 1.0 0.1563816 1.0 0.0038325 20384100.0
-1.7102997 8.5914933 1.0744017 -1.8680958 13.3103075 8.1065369 1.0 0.0972665 1.0 0.0177174 20384101.0
-0.7295186 4.6735968 1.0245548 -1.8666419 12.9766377 4.613394 1.0 0.1229389 1.0 0.0036801 20384102.0
-0.6122081 7.7875292 1.093447 -1.9082688 12.7735272 1.8989806 1.0 0.3450714 1.0 0.0007489 20384103.0
-1.0422906 4.9317808 0.9815164 -1.8772917 13.5830049 1.8917009 1.0 0.0815113 1.0 0.0011948 20384104.0
-1.3799489 9.2025414 1.0148125 -1.9103854 13.4860037 4.0801342 1.0 0.2229229 1.0 0.0022666 20384105.0
-1.5036855 4.2147371 0.9780329 -1.8557636 13.548555 3.3806749 1.0 0.036633 1.0 0.002776 20384106.0
-1.7180666 5.8263266 1.019274 -1.896555 12.954786 3.5100698 1.0 0.0752378 1.0 0.0017914 20384107.0
-1.9675179 5.8412589 1.0329071 -1.9410166 13.6210304 6.1295593 1.0 0.0319917 1.0 0.002071 20384108.0
-2.1725543 9.2327386 0.9795118 -1.8774273 13.4389317 4.7773115 1.0 0.0429834 1.0 0.0016276 20384109.0
-1.2098413 8.4940672 0.9036998 -1.8777421 12.7568233 5.895969 1.0 0.1847602 1.0 0.0013183 20384110.0
-1.9798679 8.2681493 0.9954595 -1.9385226 13.7523803 1.8547684 1.0 0.051142 1.0 0.0028464 20384111.0
-1.2343896 7.2626502 0.9197027 -1.8529465 13.6789663 9.9844029 1.0 0.1559362 1.0 0.0014296 20384112.0
0.1922849 8.6175037 1.0741888 -1.8943824 13.542032 5.5767276 1.0 0.147477 1.0 0.0038485 20384113.0
-0.6499582 8.9956854 1.0657813 -1.8692134 13.4987894 5.893693 1.0 0.2490866 1.0 0.0008442 20384114.0
-0.3101163 4.6342033 1.0638005 -1.8914117 13.3185493 9.9364453 1.0 0.1180579 1.0 0.0007262 20384115.0
0.1760783 8.3362243 0.9664498 -1.9449719 12.5909661 2.2580174 1.0 0.169436 1.0 0.0014661 20384116.0
-1.0934315 8.5383639 0.9315904 -1.8691699 13.3164261 5.8569445 1.0 0.2020785 1.0 0.0015684 20384117.0
-2.1069086 4.11817 0.9664511 -1.9483738 13.195135 4.2428828 1.0 0.1068942 1.0 0.0014409 20384118.0
-0.6792849 5.3732529 1.0506396 -1.9494337 13.6793237 3.612094 1.0 0.0094471 1.0 0.0006142 20384119.0
-0.4201628 6.5208765 1.0676217 -1.8887653 13.3294465 8.1035837 1.0 0.132423 1.0 0.0014672 20384120.0
-1.4337834 8.8602059 1.057266 -1.8853228 14.0285208 8.6323069 1.0 0.1161148 1.0 0.0009647 20384121.0
-1.7539336 4.7635386 1.0080157 -1.8839917 12.9929787 3.593465 1.0 0.1114399 1.0 0.0007705 20384122.0
0.0972077 9.1964401 1.0423305 -1.9135219 13.6333376 8.7959585 1.0 0.1097209 1.0 0.0011292 20384123.0
-1.4729934 5.738397 1.0458818 -1.9080299 13.4846395 2.400609 1.0 0.2029523 1.0 0.0005969 20384124.0
-1.206159 5.8746092 0.9107523 -1.9122889 13.2280656 8.0147187 1.0 0.2429681 1.0 0.001159 20384125.0
-1.7539461 7.0267149 1.034363 -1.9095489 13.0554406 7.1528419 1.0 0.0795146 1.0 0.0038424 20384126.0
-0.4333324 6.7963589 1.0789697 -1.8922743 13.1965152 6.5751886 1.0 0.1106381 1.0 0.0003801 20384127.0
-1.569155 9.3184379 0.9091293 -1.9093057 13.8149071 9.7315283 1.0 0.1961992 1.0 0.0023462 20384128.0
-0.8698426 9.7541432 1.0462045 -1.8746066 13.083734 7.0450862 1.0 0.0424968 1.0 0.000868 20384129.0
-1.3807121 8.6707637 0.9101165 -1.9416766 13.6720372 1.1187251 1.0 0.1714154 1.0 0.0020341 20384130.0
-1.8765614 8.6215117 1.0623751 -1.9437442 13.4831798 1.1707368 1.0 0.2154381 1.0 0.0057703 20384131.0
-2.0730354 6.8530963 1.0602226 -1.9018419 13.1829622 5.5510895 1.0 0.0479113 1.0 0.0022591 20384132.0
-1.6558392 9.6371628 0.9404992 -1.8648233 13.1830534 1.8179047 1.0 0.1088521 1.0 0.0010684 20384133.0
-1.0990923 5.7333764 0.9404063 -1.8589454 13.40513 7.8323981 1.0 0.1512917 1.0 0.0013698 20384134.0
-0.4584961 9.9564026 0.9404049 -1.9078988 13.2553546 3.9843827 1.0 0.1572418 1.0 0.0012754 20384135.0
-0.336785 5.6459886 1.0120959 -1.9109921 12.6577107 5.4785782 1.0 0.2090613 1.0 0.0015923 20384136.0
-0.977864 4.6664934 0.9971034 -1.9002853 13.0321485 3.0793254 1.0 0.1695027 1.0 0.0016401 20384137.0
-1.6503532 7.6369543 0.9691487 -1.8708855 13.7664506 1.7511672 1.0 0.3610869 1.0 0.4750953 20384138.0
-1.395598 5.2642977 1.0238189 -1.8959753 13.3024037 3.9183563 1.0 0.0870666 1.0 0.0020415 20384139.0
-0.2276459 9.6992344 1.0969383 -1.8702411 12.9362641 7.8741744 1.0 0.0843795 1.0 0.000841 20384140.0
-1.7027088 6.0713888 1.0097446 -1.9277772 13.6654717 8.3733294 1.0 0.1598056 1.0 0.001762 20384141.0
-1.1940519 4.5033283 1.0784792 -1.8726126 12.9971254 5.9358739 1.0 0.1976634 1.0 0.0006266 20384142.0
-2.1205676 5.7661843 0.9063281 -1.9046419 13.401195 7.1037047 1.0 0.0664257 1.0 0.0009214 20384143.0
-1.1052388 7.4163662 0.9272811 -1.9320706 13.063553 9.5505 1.0 0.1255815 1.0 0.0013678 20384144.0
-1.877596 7.5853466 0.9376878 -1.9102156 13.4687404 6.4540576 1.0 0.1235432 1.0 0.002221 20384145.0
-1.2033032 7.8867302 0.9504125 -1.8536762 13.1423275 4.100114 1.0 0.191602 1.0 0.0019448 20384146.0
-1.3609773 4.086534 0.9060666 -1.8697824 13.7147745 9.8090111 1.0 0.0826573 1.0 0.0023748 20384147.0
-1.0860885 7.9064492 1.0429002 -1.8795577 12.8505947 1.6745505 1.0 0.2015322 1.0 0.0013741 20384148.0
-1.7493902 8.4371786 0.9855981 -1.9170561 12.8159701 8.930006 1.0 0.0984838 1.0 0.0018878 20384149.0
-0.9567499 8.0225043 0.9030585 -1.9210643 13.1806625 4.2343909 1.0 0.2880617 1.0 0.0021531 20384150.0
-0.12665 8.684624 1.029996 -1.9162753 13.2553323 8.9765845 1.0 0.0279272 1.0 0.0010917 20384151.0
-1.4855156 7.265459 0.9631276 -1.8559995 13.3702863 6.8727962 1.0 0.0266523 1.0 0.0016429 20384152.0
-0.0648525 8.8441631 0.9970682 -1.8661991 13.1022879 7.9259277 1.0 0.0518818 1.0 0.0015352 20384153.0
-1.1840262 6.7170253 1.0000782 -1.8926799 13.3167052 1.5056929 1.0 0.18503 1.0 0.0022498 20384154.0
-0.5968334 7.6575078 0.9327042 -1.8801556 12.5495646 4.0625333 1.0 0.0509471 1.0 0.0015698 20384155.0
-0.51238 6.2218276 1.0751975 -1.8810397 13.2988221 9.4799818 1.0 0.2401713 1.0 0.0012297 20384156.0
-1.6270673 7.4054758 1.0998285 -1.8961761 13.4513955 9.9260668 1.0 0.1205495 1.0 0.0009082 20384157.0
-0.6351691 5.0968983 1.0799955 -1.905993 13.3230618 2.908185 1.0 0.1412549 1.0 0.0029558 20384158.0
-0.0253788 9.6140965 0.9446396 -1.8864025 13.3905116 8.8459434 1.0 0.2498282 1.0 0.0010489 20384159.0
0.1192331 9.0173255 0.9864782 -1.8611534 13.59528 3.9088735 1.0 0.047196 1.0 0.0005836 20384160.0
-0.3911515 7.2185969 1.0227925 -1.8571665 13.3572034 1.9195508 1.0 0.0878427 1.0 0.0005027 20384161.0
-1.2451635 6.7218119 0.9730372 -1.8608774 13.5449736 8.2375545 1.0 0.1217841 1.0 0.0007935 20384162.0
-2.0768527 7.6277825 0.9826797 -1.9235279 13.2724613 4.891312 1.0 0.1177141 1.0 0.0004794 20384163.0
-0.7397449 9.9133152 0.9303393 -1.8599642 12.6280168 5.1645282 1.0 0.151926 1.0 0.0022984 20384164.0
-1.0555447 4.7928334 0.9189461 -1.8993976 13.1147135 1.1443675 1.0 0.2540411 1.0 0.0015363 20384165.0
-1.2682822 7.9495237 1.0165296 -1.9039658 13.1259142 4.0954222 1.0 0.1305679 1.0 0.001281 20384166.0
-1.8359738 4.2334446 0.9285769 -1.9445393 13.4335579 7.3361531 1.0 0.1625405 1.0 0.0011776 20384167.0
-0.6245418 4.7882024 1.0062196 -1.9334332 13.6896917 8.8317658 1.0 0.0382282 1.0 0.0013056 20384168.0
-2.1133663 8.948598 0.978069 -1.9066694 12.9694241 5.6248536 1.0 0.1452551 1.0 0.0009497 20384169.0
0.192287 9.683751 1.0082813 -1.874525 13.3998912 4.5054347 1.0 0.2145952 1.0 0.00177 20384170.0
-1.847888 8.3779881 0.9665036 -1.8543774 13.268131 4.0287042 1.0 0.1553648 1.0 0.0010943 20384171.0
0.1521615 9.434153 1.0168559 -1.861226 13.5573323 3.5533256 1.0 0.0857293 1.0 0.0018902 20384172.0
-0.1304373 8.5145328 0.9335848 -1.8537951 13.140527 7.3111557 1.0 0.1494456 1.0 0.0012989 20384173.0
-1.7234862 7.1422581 0.9602943 -1.9186183 13.1447986 5.3973824 1.0 0.0804191 1.0 0.001116 20384174.0
-1.427334 5.4211026 0.9879992 -1.9243601 13.2350324 8.3369935 1.0 0.0467489 1.0 0.0012697 20384175.0
-2.1269835 5.3125656 0.9741429 -1.923911 13.7568706 5.1894794 1.0 0.1310272 1.0 0.0025704 20384176.0
-0.5051426 6.0106202 0.9592206 -1.8882784 13.5566825 8.4403483 1.0 0.1554146 1.0 0.0009609 20384177.0
-1.263589 6.6234806 0.9438588 -1.9267232 12.8152189 2.2849049 1.0 0.0394145 1.0 0.0012297 20384178.0
-0.9275157 4.1067309 0.9322757 -1.8973147 12.7996246 9.5018145 1.0 0.1052788 1.0 0.0030138 20384179.0
-0.2563109 8.0810981 1.0577449 -1.8786996 13.4339746 1.2348872 1.0 0.1494198 1.0 0.0012496 20384180.0
-1.4040779 9.6479115 0.9118666 -1.8985021 12.8856221 9.6180102 1.0 0.1162133 1.0 0.0016224 20384181.0
-0.3477083 7.7754386 1.0731209 -1.8883627 12.9397913 1.7624047 1.0 0.0367714 1.0 0.0012774 20384182.0
-1.5520785 7.0234764 0.9565833 -1.9057678 13.6454991 5.8041679 1.0 0.1732889 1.0 0.000634 20384183.0
-2.0544526 4.584057 0.9930627 -1.8903781 13.8019071 9.5099016 1.0 0.0518508 1.0 0.0022203 20384184.0
0.0363462 4.1282792 0.9400309 -1.9042239 13.500975 6.1634825 1.0 0.2413823 1.0 0.0011198 20384186.0
-0.7241675 4.3939577 1.0683363 -1.8947555 13.6239055 7.7603612 1.0 0.2906219 1.0 0.0011073 20384187.0
-1.57178 6.3914026 1.0551843 -1.9498551 13.1610829 1.3261227 1.0 0.0596333 1.0 0.0033335 20384188.0
-1.4517345 4.8396805 0.9638195 -1.8773442 13.3886154 4.3898932 1.0 0.7953005 1.0 0.0020968 20384189.0
-0.5157592 7.4869226 1.034126 -1.9345744 13.133788 3.2245694 1.0 0.4327453 1.0 0.0009881 20384190.0
-1.6725897 7.8716146 1.016652 -1.8666929 13.6485825 5.2767667 1.0 0.081279 1.0 0.0012403 20384191.0
-0.3515038 9.3299667 1.0046834 -1.9396464 13.3964091 9.2595179 1.0 0.0546324 1.0 0.0021539 20384192.0
-0.5041243 4.6177733 0.9341249 -1.9376758 13.3579368 6.4865746 1.0 0.119428 1.0 0.0015964 20384193.0
-1.6203229 5.7112573 1.0101137 -1.8745176 13.1300988 1.7289704 1.0 0.1728434 1.0 0.0020935 20384194.0
-1.0012605 4.2043744 1.0533192 -1.8520377 13.1913329 5.0620995 1.0 0.1843864 1.0 0.0015656 20384195.0
-0.0530748 7.3797781 0.9689336 -1.9380567 13.0313124 3.1616294 1.0 0.1761301 1.0 0.0011895 20384197.0
-0.9835572 5.5175043 0.9248996 -1.860341 13.2146035 8.1637411 1.0 0.1878951 1.0 0.0007677 20384198.0
-1.6426787 8.0360665 1.0099772 -1.8695974 13.5273385 3.2132667 1.0 0.0967741 1.0 0.001169 20384199.0
-1.4558266 8.942456 0.9063287 -1.9263591 13.3103272 4.4936053 1.0 0.0892989 1.0 0.0004755 20384200.0
0.0437883 7.415953 1.0007007 -1.9356169 13.0211562 4.1124921 1.0 0.1120031 1.0 0.0035103 20384201.0
-0.5008326 5.3620603 0.9518182 -1.882466 13.0592827 9.9769207 1.0 0.1167865 1.0 0.0019049 20384202.0
-1.5069271 6.0629882 1.0936574 -1.9344712 13.5806109 9.4506595 1.0 0.1827083 1.0 0.0005566 20384203.0
-1.500609 7.3920412 1.0055583 -1.8586471 13.1583345 5.9140198 1.0 0.0328063 1.0 0.0016144 20384204.0
-0.4762987 5.9312382 0.9461781 -1.9235329 13.4496558 2.6360796 1.0 0.1080379 1.0 0.0008281 20384205.0
-0.1071302 7.6877974 0.9629268 -1.9344317 13.0255963 3.2057412 1.0 0.1353956 1.0 0.0011749 20384206.0
-1.1665622 8.2721549 1.0998119 -1.9071462 13.5923908 7.6460698 1.0 0.1656145 1.0 0.0016822 20384207.0
0.1427749 4.6299921 0.9022191 -1.9352152 13.4581521 7.1904279 1.0 0.1081303 1.0 0.0007079 20384208.0
-1.3759997 6.084004 1.0493288 -1.8907757 13.0467373 6.3025932 1.0 0.1370966 1.0 0.0008696 20384209.0
-1.1707462 6.9406051 1.013199 -1.9168235 13.1410658 3.1146052 1.0 0.0571511 1.0 0.0021828 20384210.0
-0.1570082 9.1998482 1.0882587 -1.8645119 13.0236049 6.2865043 1.0 0.1352343 1.0 0.0014377 20384211.0
-1.4791561 9.3238192 0.9155023 -1.9180604 13.3639923 9.4269222 1.0 0.0916072 1.0 0.0022125 20384212.0
-0.0123265 5.0894531 1.0323209 -1.9176977 13.2550234 5.2199519 1.0 0.0918989 1.0 0.0013914 20384213.0
-0.6903641 6.5805222 1.0178654 -1.9426585 12.8828644 8.7335579 1.0 0.1852829 1.0 0.0034332 20384214.0
-1.816934 9.6744943 0.959651 -1.9131939 13.3329613 2.9481447 1.0 0.0812937 1.0 0.0031991 20384215.0
-1.5937665 4.6385154 0.9460974 -1.9079511 13.3004644 7.8993714 1.0 0.205053 1.0 0.0010545 20384216.0
-1.2368591 4.9450009 1.052975 -1.9357695 13.1780805 4.6840813 1.0 0.1485976 1.0 0.002402 20384217.0
0.1004957 6.0904266 1.0203963 -1.947024 12.9234089 4.4050278 1.0 0.1045775 1.0 0.0010728 20384218.0
-1.3842004 6.2418111 1.0774649 -1.8804861 13.2481217 9.8380182 1.0 0.0484791 1.0 0.0018932 20384219.0
-0.2018051 5.354488 0.9077314 -1.8924997 13.8638694 1.2854476 1.0 0.3848072 1.0 0.001081 20384220.0
-0.916613 9.8432834 0.9567682 -1.8859159 13.3326587 5.3226144 1.0 0.1282718 1.0 0.001415 20384221.0
0.1887873 6.5917048 1.0917111 -1.9008798 13.2148797 1.632857 1.0 0.1055834 1.0 0.0012696 20384222.0
-1.0597689 9.2319444 1.0860279 -1.8976483 13.6028421 8.7538061 1.0 0.1218248 1.0 0.0026578 20384223.0
-1.1252886 5.3991455 0.9668115 -1.875598 12.9732778 3.9680288 1.0 0.2108127 1.0 0.0012361 20384224.0
-0.0984098 6.6009427 0.9722018 -1.936174 12.7592032 4.1800264 1.0 0.1152488 1.0 0.0011641 20384225.0
-1.0092751 9.0799564 0.9003431 -1.8688929 13.6256878 4.8764547 1.0 0.198595 1.0 0.001004 20384226.0
-0.4552498 8.3341485 1.0991643 -1.8950035 13.2965105 2.2141407 1.0 0.284815 1.0 0.0025487 20384227.0
-1.7198192 8.2682462 1.0019175 -1.8608813 13.1689641 9.7523046 1.0 0.192719 1.0 0.0013841 20384228.0
-2.0073312 6.3669598 1.0300403 -1.8728504 13.1648434 3.8924506 1.0 0.1864987 1.0 0.0012249 20384229.0
-0.4692433 9.9484735 0.9365514 -1.8544355 12.8657129 2.2983437 1.0 0.1264153 1.0 0.0045721 20384230.0
-1.2236435 6.4904589 0.974577 -1.8824692 12.9936902 8.8831942 1.0 0.0840232 1.0 0.001216 20384233.0
-0.1532707 6.030069 0.9434567 -1.8824084 13.4959957 5.9560374 1.0 0.1467648 1.0 0.0015855 20384234.0
-1.8308467 7.7388504 0.9706195 -1.8868257 13.2727131 6.304856 1.0 0.0571193 1.0 0.0055176 20384235.0
-1.4601308 6.94122 0.9306249 -1.9328908 13.5950713 8.6230227 1.0 0.1496297 1.0 0.0020586 20384236.0
0.1972185 4.85745 1.0603418 -1.9339218 13.3250601 2.2863361 1.0 0.3077411 1.0 0.0006926 20384237.0
-0.3458233 6.2556845 1.0477077 -1.8542672 13.4289901 7.4053812 1.0 0.0973536 1.0 0.0032821 20384238.0
-1.1162695 7.9259718 0.9861102 -1.8728675 13.2808463 4.338762 1.0 0.1194919 1.0 0.0029164 20384239.0
-0.4364181 5.830778 0.996383 -1.8767919 12.4392126 3.4868654 1.0 0.0185505 1.0 0.0008074 20384240.0
-0.427372 8.8000655 0.986546 -1.8715341 12.8522019 8.7791604 1.0 0.2501612 1.0 0.0004706 20384241.0
-0.4805177 4.5112402 0.9174878 -1.910419 13.3570813 5.7807274 1.0 0.1823028 1.0 0.0018255 20384242.0
-2.1020412 7.5465946 0.9246808 -1.9142245 13.7178296 2.2381795 1.0 0.2395709 1.0 0.0015724 20384243.0
-1.6575122 4.4642675 0.9748047 -1.8972731 13.2110392 6.7399171 1.0 0.0419726 1.0 0.0017274 20384244.0
-1.1150303 5.3516388 0.9214446 -1.8522191 13.1248577 2.6165312 1.0 0.0993293 1.0 0.003241 20384245.0
0.155456 6.0832511 1.0944816 -1.9059791 13.4091615 3.8932913 1.0 0.1947408 1.0 0.001872 20384246.0
-0.5630733 4.0347902 1.0556562 -1.8641399 13.4324799 6.871182 1.0 0.1969004 1.0 0.0006209 20384247.0
-1.4912077 6.9864355 1.0696669 -1.8701027 13.4022497 4.5357931 1.0 0.1687911 1.0 0.0040786 20384248.0
-0.7486126 4.854126 0.9476281 -1.9389606 13.453399 5.0481483 1.0 0.0880453 1.0 0.0006109 20384249.0
-0.3186204 4.4351099 1.0682531 -1.8629928 13.6522573 1.4708816 1.0 0.0857828 1.0 0.003678 20384250.0
-1.4615179 6.6866514 1.0270239 -1.9362364 13.7135875 7.6542737 1.0 0.2070856 1.0 0.0057344 20384251.0
-0.0572077 6.2861915 1.0978433 -1.8649646 13.3910459 8.1255627 1.0 0.2403945 1.0 0.0012398 20384252.0
-1.652846 8.5403238 0.9470596 -1.8508737 13.217988 6.2484422 1.0 0.0696856 1.0 0.0049894 20384253.0
-1.111798 9.6262462 1.0686494 -1.8504953 13.4095963 1.117884 1.0 0.187876 1.0 0.0024228 20384254.0
-1.8548242 7.2352949 0.9968173 -1.9028959 13.4378135 5.2016794 1.0 0.0338884 1.0 0.0018418 20384255.0
-1.294761 4.4940181 1.0163014 -1.8904855 13.2561165 9.3993035 1.0 0.0637209 1.0 0.0014799 20384256.0
0.1923412 9.8229633 0.9751403 -1.9117044 13.249159 1.0536249 1.0 0.0779918 1.0 0.0010484 20384257.0
-0.9850742 5.8625938 1.0206183 -1.9466779 13.6122813 8.3617832 1.0 0.1792612 1.0 0.0019348 20384258.0
0.1046147 6.5220831 0.9826791 -1.9233457 13.2095397 7.4239847 1.0 0.0840743 1.0 0.0013244 20384259.0
-1.797884 5.9547673 0.9020041 -1.8854246 13.050383 8.8166036 1.0 0.1225224 1.0 0.0038234 20384260.0
-0.1974831 6.8157543 1.0516549 -1.8551957 13.2945715 7.4290954 1.0 0.2600962 1.0 0.0020684 20384261.0
-1.7893603 6.3215444 1.0824684 -1.9007221 13.7460398 2.5647233 1.0 0.2021866 1.0 0.003362 20384262.0
-0.9174419 9.0647409 1.0713809 -1.8553737 13.0180435 6.4113365 1.0 0.2545862 1.0 0.0015114 20384263.0
-1.0183327 5.4142915 0.9898726 -1.9398585 13.6488942 9.6653862 1.0 0.0660966 1.0 0.0013663 20384264.0
-1.2696416 6.2166306 1.0247216 -1.9161955 13.0951102 9.4133376 1.0 0.0820864 1.0 0.0015521 20384265.0
-1.3405141 8.1677532 1.0263852 -1.9397517 13.1402155 3.7776986 1.0 0.3503567 1.0 0.001089 20384266.0
-0.9052961 7.6548588 1.0213861 -1.8747079 13.4787678 4.6564236 1.0 0.099913 1.0 0.0005646 20384267.0
-0.5800732 6.961578 1.0613588 -1.9446161 13.1697199 5.5616983 1.0 0.1488506 1.0 0.0002251 20384268.0
-1.526058 5.6750817 1.0927696 -1.9048694 13.2343563 3.6232356 1.0 0.1045116 1.0 0.0010911 20384269.0
-0.4225086 6.8635913 1.0977065 -1.9127002 12.7705216 2.5125123 1.0 0.1676482 1.0 0.0011125 20384270.0
0.1097644 6.0772685 1.0007937 -1.8819347 13.578538 2.9655227 1.0 0.1494057 1.0 0.0019677 20384271.0
-2.0458946 9.3994659 0.9977601 -1.8515211 13.162134 6.6137571 1.0 0.1495609 1.0 0.0014585 20384272.0
-2.0080438 6.4552272 0.9111008 -1.9018451 12.9165747 5.1046249 1.0 0.1573159 1.0 0.0008682 20384273.0
-1.0966979 9.6581652 1.0639985 -1.8627626 13.4382151 5.0997357 1.0 0.1339365 1.0 0.0013997 20384274.0
-1.2491161 5.9800423 1.0913121 -1.8768905 12.8413549 7.657514 1.0 0.0977801 1.0 0.0013304 20384275.0
-2.1012576 5.9599124 0.9460786 -1.9194344 13.3968506 6.3020707 1.0 0.0575888 1.0 0.0018565 20384276.0
-0.0939837 8.9514997 0.9143059 -1.8688484 12.9105049 9.506505 1.0 0.2021286 1.0 0.000735 20384277.0
-0.8249215 9.2266214 1.0224253 -1.8979381 13.2198574 3.579308 1.0 0.1664163 1.0 0.0020583 20384278.0
-0.6536691 5.1800719 1.039688 -1.9268602 13.3342639 4.7432713 1.0 0.1874379 1.0 0.0003389 20384279.0
-0.1393186 8.8189668 1.0797469 -1.8809495 13.4270066 3.5265991 1.0 0.1494081 1.0 0.0012986 20384280.0
-0.4806133 8.6289166 0.9974605 -1.8748879 13.5786839 4.1369141 1.0 0.0697398 1.0 0.0006272 20384281.0
-1.4885889 8.1919832 1.0360089 -1.900261 13.4532308 4.844064 1.0 0.2467352 1.0 0.0016747 20384282.0
-0.8449125 6.7939408 1.0125206 -1.9151182 13.6197042 8.6470888 1.0 0.0372188 1.0 0.0020077 20384283.0
-0.1638117 7.1229971 1.0886472 -1.8728043 12.7480002 6.8090879 1.0 0.1143517 1.0 0.0014669 20384284.0
-0.7747987 4.4008422 0.914888 -1.8801831 13.7164416 5.0058243 1.0 0.1897037 1.0 0.0007512 20384285.0
-1.0464807 6.0179105 1.0554215 -1.8862582 13.3059289 3.3180903 1.0 0.0272427 1.0 0.0010424 20384286.0
0.110864 9.3890749 1.0869576 -1.8796099 13.5891235 2.2097879 1.0 0.0418794 1.0 0.0010427 20384287.0
-1.0651558 4.5060936 0.9099781 -1.9094237 13.1963811 3.4550649 1.0 0.1391895 1.0 0.0007998 20384288.0
-1.5399062 7.4341266 0.9426396 -1.9381801 13.3589951 9.6527522 1.0 0.0770487 1.0 0.0007186 20384289.0
0.0729744 4.3048004 0.953253 -1.9179113 12.9815293 2.885586 1.0 0.2052638 1.0 0.0045626 20384290.0
-0.735975 6.9079331 1.0833077 -1.8655994 12.8574425 5.9535812 1.0 0.1224754 1.0 0.001303 20384291.0
-1.1621161 6.885928 0.9436954 -1.8721181 13.189471 3.4636542 1.0 0.1145824 1.0 0.0008322 20384292.0
0.1124672 8.2104715 1.0456716 -1.9293827 13.0444809 4.9604519 1.0 0.0778964 1.0 0.0011211 20384293.0
-1.664419 7.8116065 1.0053885 -1.896204 13.5586759 2.0245562 1.0 0.20542 1.0 0.0021691 20384294.0
-0.0411669 6.7177269 0.9474849 -1.9138527 13.3792653 4.5951086 1.0 0.1049594 1.0 0.0030506 20384295.0
-2.0601764 4.8092242 0.9383034 -1.871955 13.2745436 2.7052926 1.0 0.2205251 1.0 0.0023921 20384296.0
-1.3538033 4.5855392 0.9361065 -1.8503543 13.7371935 7.2916695 1.0 0.1804391 1.0 0.0009193 20384297.0
0.0242795 8.176563 0.9242204 -1.9002484 13.8358896 2.2545626 1.0 0.1118092 1.0 0.0017746 20384298.0
-0.4120928 8.1203787 0.996246 -1.9347376 13.3029489 5.4691901 1.0 0.1751549 1.0 0.001296 20384299.0
-1.8732978 9.9331126 1.0819369 -1.8682414 13.6210521 6.9358995 1.0 0.038593 1.0 0.005132 20384300.0
-0.0024882 4.1912383 0.9505717 -1.9111563 13.5376355 9.4086 1.0 0.5401327 1.0 0.0022094 20384301.0
-1.707408 8.2384528 0.9808668 -1.8761856 13.3979116 9.7201729 1.0 0.0647408 1.0 0.0018278 20384302.0
-1.3499638 8.6534968 1.0150621 -1.861859 13.0085465 2.5897344 1.0 0.1398558 1.0 0.0030828 20384303.0
-1.4217434 4.23113 1.094841 -1.8854258 13.1374114 8.6131181 1.0 0.2043222 1.0 0.0008616 20384304.0
-0.6141839 6.2986305 1.0116283 -1.9220266 13.4382824 7.130979 1.0 0.2404718 1.0 0.0009573 20384305.0
-1.6163556 6.4613302 0.9932814 -1.931241 13.5774388 6.7703512 1.0 0.1680176 1.0 0.0025122 20384306.0
-1.6090259 4.8524942 1.0314998 -1.9391356 13.0887587 1.9495045 1.0 0.0534382 1.0 0.0012275 20384307.0
-1.3112606 5.8636999 0.9128627 -1.8570385 13.547202 6.7805853 1.0 0.0956583 1.0 0.0017612 20384308.0
-1.5017793 8.7952238 1.0922925 -1.9013408 13.0778405 7.1292664 1.0 0.1598808 1.0 0.0016672 20384309.0
-0.3582944 6.0738782 1.020176 -1.9225119 13.2122398 7.9869513 1.0 0.2845434 1.0 0.0005141 20384310.0
-0.1591014 5.1903695 0.9911933 -1.9460942 12.7701228 6.3043084 1.0 0.1203736 1.0 0.0015941 20384311.0
-0.9528293 5.2315754 1.0813581 -1.8859425 13.0533626 4.6727733 1.0 0.116223 1.0 0.0019441 20384312.0
-0.7667015 9.2077757 0.9147085 -1.8557759 13.6487939 5.7302859 1.0 0.2440017 1.0 0.0011475 20384313.0
-0.7523469 8.2150266 0.990535 -1.8821387 12.8139553 1.7792482 1.0 0.0966951 1.0 0.000546 20384314.0
-1.9860806 4.461106 1.0457082 -1.8540398 13.2329041 6.2503403 1.0 0.0324502 1.0 0.0009648 20384315.0
-1.4232561 5.3280644 1.0407148 -1.9239083 12.8270671 3.6807824 1.0 0.0149954 1.0 0.0016478 20384316.0
-1.2065145 8.3552206 0.973335 -1.9372874 13.2929797 2.1227104 1.0 0.1263064 1.0 0.0007344 20384317.0
-1.4515484 6.6932387 0.9427908 -1.858549 13.2159345 9.7994313 1.0 0.1274781 1.0 0.0014675 20384318.0
-1.0489353 4.3227748 1.0201621 -1.9200748 13.4409254 1.602712 1.0 0.3474959 1.0 0.001384 20384319.0
0.0093274 7.3620331 0.9538541 -1.8605721 12.9818971 4.300904 1.0 0.1508946 1.0 0.0018598 20384320.0
-1.1325738 8.7961873 1.0202873 -1.9460856 13.3735501 9.7825995 1.0 0.0732701 1.0 0.0028789 20384321.0
-1.0168665 8.3252775 1.0934883 -1.9391262 13.5988857 6.2203697 1.0 0.0642802 1.0 0.002999 20384322.0
-0.2815703 6.8256863 1.0219033 -1.9449957 13.2385214 8.5705902 1.0 0.210341 1.0 0.0006737 20384323.0
-1.304119 4.1646924 0.9539355 -1.9346961 13.6003699 2.1753604 1.0 0.047862 1.0 0.0011996 20384324.0
-0.1903227 7.0190082 1.0555853 -1.8807494 13.2819153 8.2629529 1.0 0.031688 1.0 0.0009057 20384325.0
-1.8078026 6.8142325 0.9117395 -1.9244719 13.3585241 8.8567571 1.0 0.132031 1.0 0.0007505 20384326.0
-1.8143342 7.4456471 1.0177313 -1.854904 13.274432 2.1012068 1.0 0.0752557 1.0 0.0012539 20384327.0
-1.1802228 6.8097981 1.090443 -1.8908983 13.1733244 8.5048456 1.0 0.1555903 1.0 0.0034194 20384328.0
-2.1628965 7.3675458 1.0107178 -1.9083887 13.66054 3.3833289 1.0 0.0825497 1.0 0.0006849 20384329.0
-1.6293192 9.6325327 0.9380863 -1.9050329 13.1415279 2.1438594 1.0 0.0679342 1.0 0.0022174 20384330.0
-0.8537358 8.064381 1.0067641 -1.8709154 13.4766316 7.5263695 1.0 0.074749 1.0 0.0006631 20384331.0
-1.5593128 5.6286656 0.9935824 -1.860503 13.2585994 5.3717793 1.0 0.0853468 1.0 0.0004541 20384332.0
-0.8454475 6.3041165 1.0917021 -1.9268494 13.0872723 1.3071467 1.0 0.1939943 1.0 0.0013261 20384333.0
-1.8163333 5.3478983 0.9253513 -1.8924417 13.2493214 3.4372478 1.0 0.0480239 1.0 0.0024818 20384334.0
-0.5681399 6.6110688 1.039065 -1.8506985 13.3566095 9.0878058 1.0 0.2035432 1.0 0.0028065 20384335.0
-0.0111297 4.9060757 0.9645167 -1.8806897 12.8868949 7.9550466 1.0 0.4231049 1.0 0.0039226 20384336.0
-0.5555362 9.3202681 1.0810428 -1.8531086 13.3421256 5.0017407 1.0 0.1771171 1.0 0.0017443 20384337.0
-0.3394161 9.4886559 0.902654 -1.9128279 13.6709337 9.9638403 1.0 0.2313114 1.0 0.0016814 20384339.0
-0.2228907 9.8266501 1.0507941 -1.8537481 13.721532 4.141812 1.0 0.1660719 1.0 0.0019091 20384340.0
-0.9429517 7.248964 0.9804041 -1.8924651 13.463869 3.6586204 1.0 0.3317601 1.0 0.0022655 20384341.0
0.1864268 4.7328415 1.0241542 -1.9480916 13.6057788 1.7433628 1.0 0.1790684 1.0 0.0016733 20384342.0
-2.1179568 4.9119217 1.0953773 -1.8854751 12.9279971 2.0547004 1.0 0.127688 1.0 0.0010025 20384343.0
0.0576927 8.9174176 1.0869705 -1.8675627 13.4319136 8.7357463 1.0 0.2028333 1.0 0.0007834 20384344.0
-0.1926977 6.7038457 1.0482454 -1.8800572 13.5730825 9.8118526 1.0 0.1624992 1.0 0.004 20384345.0
-1.1532809 5.4035483 0.9059285 -1.8569914 12.8121366 4.544893 1.0 0.1235198 1.0 0.0008556 20384346.0
-0.6201418 8.7353899 0.923647 -1.8883938 13.4600317 9.3182602 1.0 0.2794284 1.0 0.0004601 20384347.0
-1.6783169 9.184458 0.9813264 -1.9155193 13.092044 6.2256384 1.0 0.1118962 1.0 0.0010972 20384348.0
-0.3700398 9.2516187 1.0447926 -1.9045226 13.9200739 5.8784822 1.0 0.2090038 1.0 0.0044815 20384349.0
-2.1799404 8.1720143 0.9899194 -1.8544331 13.8139072 5.0313585 1.0 0.1894436 1.0 0.0008087 20384350.0
0.0640138 8.7799988 1.0800178 -1.8714175 13.4517743 6.7742941 1.0 0.1049644 1.0 0.0004686 20384351.0
-0.8671455 6.8585221 0.9046965 -1.8508185 13.0503264 1.0312744 1.0 0.2247351 1.0 0.0020774 20384352.0
-1.2360286 7.9909745 1.0097859 -1.906407 12.5938068 4.9490593 1.0 0.0909314 1.0 0.002561 20384353.0
-1.033646 4.837831 0.9873679 -1.9243233 12.5904428 1.1457914 1.0 0.1058823 1.0 0.0022551 20384354.0
-0.5811758 8.983696 1.0107836 -1.8712563 13.1451919 7.2703029 1.0 0.1454701 1.0 0.0021063 20384355.0
-0.033703 4.261371 0.9446302 -1.9183892 13.2604929 6.9295726 1.0 0.1496975 1.0 0.0010326 20384356.0
-1.0072896 4.6187651 0.9788339 -1.9354235 13.5702414 6.774599 1.0 0.2507977 1.0 0.0009461 20384357.0
-1.8091129 9.4108502 1.0222891 -1.8636128 13.051219 3.1631145 1.0 0.1540754 1.0 0.0011568 20384358.0
-0.3407668 5.0945245 1.0210748 -1.9197047 13.2394922 5.5268059 1.0 0.0899761 1.0 0.0013807 20384359.0
-1.7944909 7.4214819 0.9871924 -1.8738712 13.2682984 8.0789933 1.0 0.0225422 1.0 0.0014695 20384360.0
